1
10
1000
1003
1007
1009
101
1012
1016
1018
102
1020
1021
1024
1025
1026
103
1031
1032
1034
1037
1038
1039
104
1042
1043
1047
1048
105
1051
1054
1057
106
1060
1063
1066
1068
107
1071
1074
1075
1076
1078
1079
1082
1083
1086
1088
1089
109
1091
1092
1094
1096
1097
1098
11
110
1101
1105
1107
1109
1110
1111
1114
1117
1118
112
1120
1121
1122
1123
1124
1126
1129
1132
1135
1136
1140
1141
1142
1143
1144
1146
1147
1148
1149
115
1150
1152
1153
1154
1155
1156
1158
1159
116
1160
1162
1164
1166
1169
117
1170
1173
1174
1175
1176
1177
1178
118
1180
1182
1183
1184
1185
1186
1187
1189
119
1190
1191
1192
1193
1196
1197
1198
12
120
1201
1202
1203
1204
1205
1206
1207
1208
1209
121
1210
1215
1218
122
1222
1223
1229
1232
1233
1236
1239
1241
1249
125
1251
1254
1255
1256
1257
1258
1263
1265
1269
127
1270
1271
1272
1273
1274
1275
1276
1277
1279
128
1281
1283
1284
1285
1286
1287
1291
1293
1296
1297
1298
13
130
1301
1303
1308
1309
131
1312
1314
1315
1317
132
1321
1326
1328
133
1331
1334
1335
1337
1338
134
1340
1341
1342
1344
1345
1346
1347
1348
135
1351
1353
1355
1357
1359
136
1361
1365
1367
1369
1371
1374
1375
1376
1377
138
1380
1381
1383
1384
1385
1386
1387
1388
1389
1391
1393
1395
1396
1398
14
140
1404
1407
1410
1411
1414
1415
1418
142
1420
1421
1422
1426
1427
1430
1432
1436
1437
144
1440
1442
1445
1446
1447
1450
1453
1457
1460
1463
1466
1469
147
1471
1474
1475
1476
1477
1480
1481
1483
1484
1485
1486
1487
1488
1489
1490
1491
1494
1495
1498
1499
15
150
1503
1504
1505
1507
1509
151
1511
152
1521
1522
1525
1526
1527
1528
1529
1530
1531
1532
1533
1535
154
1540
1548
155
1550
1554
1556
1557
1558
1559
156
1560
1561
1562
1563
1564
1565
1566
1567
1568
1569
157
1570
1572
1573
1575
1576
1577
1578
1579
1581
1584
1585
1586
1593
1598
1599
16
1601
1603
1606
1609
161
1610
1611
1613
1615
1617
162
1620
1622
1624
1625
1626
1628
163
1630
1631
1635
1637
1639
1646
1648
1649
165
1650
1654
1657
1658
1659
166
1660
1661
1663
1666
1667
1670
1673
1674
1676
1678
1679
1680
1682
1683
1685
1687
1688
1689
169
1690
1694
1695
1699
1701
1702
1703
1704
1707
1712
1714
1716
1718
1719
172
1720
1721
1724
1725
1726
1727
1728
1730
1731
1738
1739
174
1740
1741
1742
1743
1744
1745
1746
1747
1748
1749
175
1750
1751
1752
1753
1754
1755
1756
1758
1760
1761
1763
1765
1768
177
1771
1772
1775
1777
1781
1788
179
1794
1796
1800
1803
1805
1807
1809
1812
1813
1816
1817
1821
1825
1827
1829
183
1844
1847
185
1850
1853
1854
1855
1858
1861
1862
1864
1867
1869
187
1872
1874
1882
1885
1887
1889
189
1893
1895
19
1901
1904
1906
1907
1909
1911
1912
1913
1914
1915
1918
192
1922
193
194
1943
1947
1951
1954
1957
1959
196
1961
1962
1965
1966
1967
1968
1969
1970
1972
1974
1977
1978
198
1980
1981
1984
1986
1989
199
1991
1995
1996
1997
2
20
2000
2003
2004
2006
2008
2009
2012
2015
2017
2019
202
2021
2023
2026
2029
203
2031
2033
2036
2038
2039
2042
2043
2044
2045
2046
2047
2049
2050
2053
2056
2058
2059
206
2067
2071
2074
2078
208
2081
2084
2085
2086
2087
2088
2091
2093
2095
2096
2097
2099
21
210
2103
2104
2105
2107
211
2112
2113
2121
2124
2126
2128
2129
213
2131
2133
2136
2139
2141
2144
2148
215
2153
2161
2163
2165
2167
2169
217
2170
2171
2173
2174
2175
2176
2178
2179
2181
2183
2185
2188
2189
2193
2196
2199
22
2202
2205
2208
2209
221
2213
2216
2218
2219
2227
2228
2232
2234
2238
224
2240
2242
2246
2250
2252
2256
2259
226
2260
2262
2265
2267
2269
2271
2272
2274
2275
2278
2279
228
2282
2284
2287
2289
229
2293
2296
2298
23
2300
2301
2304
2308
2311
2316
2317
2319
232
2323
2324
2325
2327
2329
233
2333
2337
2338
234
2340
2344
2345
2347
2348
235
2351
2355
2359
236
2365
2367
2368
2369
2370
2372
2375
2377
2379
238
2382
2385
239
2390
2393
2395
2396
2398
24
2400
2401
2402
2406
2407
2408
241
2410
2412
242
2420
2421
2426
2428
243
2432
2433
2434
2435
2436
2438
244
2440
2441
2443
2444
2445
2447
2448
2449
245
2450
2451
2452
2454
2455
2456
2457
2458
2460
2461
2462
2463
2464
2465
2466
2468
2469
247
2470
2474
2476
2479
248
2485
2487
2490
2491
2492
2493
2495
25
250
2501
2503
2506
2507
2509
251
2511
2513
2516
2517
2519
252
2521
2524
2525
2528
253
2531
2533
2536
2537
2539
254
2541
2543
2546
2548
2550
2553
2555
2557
2558
2560
2561
2562
2564
2566
2568
257
2570
2571
2573
2577
2579
258
2580
2583
2586
259
26
262
263
265
27
270
273
276
277
279
28
280
283
284
289
29
292
294
297
3
30
301
302
304
306
308
309
31
310
312
314
316
317
318
32
320
321
322
323
324
325
327
328
33
330
331
336
337
338
34
340
342
344
346
348
349
35
351
352
354
356
358
36
360
362
365
366
367
369
37
372
374
376
38
380
384
386
388
39
395
398
4
40
400
402
403
404
405
407
409
41
410
411
412
413
414
416
418
419
42
420
422
424
428
43
431
432
433
436
437
438
439
44
440
441
442
443
445
446
447
45
451
453
454
455
456
459
46
461
464
467
47
472
475
477
479
48
480
485
487
488
489
49
490
492
499
5
50
502
504
505
506
508
509
51
510
511
516
517
518
52
521
524
527
529
53
533
534
539
54
540
541
548
549
55
550
552
554
555
559
56
560
562
563
565
569
57
570
572
573
574
576
577
578
58
580
581
583
584
585
586
587
588
589
59
599
6
60
601
602
603
604
605
606
609
61
611
612
613
614
615
616
617
62
620
624
626
63
631
635
637
64
644
647
651
652
653
654
655
656
657
66
661
664
665
666
668
67
670
671
672
673
674
675
676
677
678
679
68
680
684
688
69
691
695
696
699
7
70
700
701
702
703
704
705
706
708
711
713
714
716
717
718
72
720
721
722
725
726
728
729
73
730
732
734
735
736
737
738
739
74
740
741
742
743
746
747
748
75
750
752
756
758
76
762
766
767
768
770
771
772
775
777
779
78
781
783
784
785
786
788
79
793
795
797
799
8
800
801
803
806
809
81
811
813
815
817
819
82
822
824
827
829
83
830
832
833
834
836
839
84
840
841
843
844
847
848
85
853
854
855
857
86
860
861
863
864
865
866
868
869
87
872
874
875
877
878
879
88
880
881
882
883
884
887
89
890
891
892
895
896
897
899
9
90
900
901
905
909
91
910
911
912
913
914
917
918
919
92
921
922
929
93
935
936
94
940
944
945
946
947
949
95
954
956
957
96
961
965
968
97
970
971
972
973
976
977
978
98
980
982
984
986
988
99
991
995
997
